192.188 153.922 390.036 13.8401
192.204 153.932 389.115 6.67339
192.259 153.879 387.901 8.24063
192.375 153.709 386.638 8.11057
192.558 153.413 385.2 8.78939
192.79 153.026 383.6 11.8889
193.056 152.586 381.983 12.5055
193.344 152.121 380.468 13.1843
193.674 151.604 378.995 15.1624
194.025 151.048 377.538 16.4403
194.369 150.476 376.086 17.6364
194.692 149.902 374.632 18.662
195.011 149.318 373.18 19.7052
195.319 148.711 371.738 19.852
195.608 148.068 370.308 21.1696
195.872 147.409 368.875 21.4761
196.116 146.727 367.444 22.138
196.351 145.981 366.057 23.1724
196.587 145.13 364.753 24.0234
196.79 144.17 363.512 24.4774
196.992 143.128 362.335 24.6435
197.248 142.026 361.24 24.606
197.602 140.874 360.251 24.8051
198.026 139.636 359.383 25.8871
198.517 138.361 358.585 25.9788
199.079 137.114 357.8 25.0338
199.724 135.931 356.999 27.3106
200.451 134.779 356.21 24.1932
201.235 133.647 355.439 23.7823
202.046 132.526 354.688 22.4062
202.901 131.41 353.983 29.6217
203.799 130.306 353.309 26.4865
204.704 129.223 352.613 23.5998
205.583 128.171 351.854 23.1334
206.501 127.122 351.083 25.1803
207.402 126.103 350.266 21.9673
208.186 125.158 349.322 23.6257
208.768 124.325 348.18 21.902
209.182 123.588 346.842 21.984
209.471 122.929 345.39 22.322
209.671 122.334 343.904 24.0805
209.8 121.798 342.418 22.732
209.838 121.331 340.883 20.7457
209.785 120.92 339.328 20.9741
209.639 120.553 337.783 17.7916
209.413 120.224 336.232 18.9232
209.1 119.942 334.674 15.4678
208.674 119.71 333.148 13.529
208.113 119.53 331.687 15.9728
207.42 119.395 330.252 16.4262
206.605 119.312 328.87 14.4672
205.672 119.293 327.594 15.1017
204.614 119.35 326.462 15.179
203.412 119.484 325.437 14.6939
202.108 119.677 324.537 14.8662
200.749 119.913 323.792 14.0404
199.345 120.192 323.21 13.3861
197.866 120.529 322.774 14.5582
196.355 120.888 322.499 15.521
194.855 121.236 322.402 12.2412
193.347 121.534 322.525 17.5737
191.829 121.821 322.834 18.1458
190.345 122.168 323.245 14.3343
188.933 122.64 323.688 14.0169
187.583 123.22 324.225 17.4505
186.282 123.887 324.824 13.8226
185.032 124.64 325.413 16.2555
183.825 125.474 325.948 14.9214
182.658 126.394 326.476 14.6784
181.545 127.398 326.97 15.2449
180.508 128.483 327.388 16.1589
179.554 129.662 327.726 14.8858
178.674 130.936 328.004 15.1481
177.866 132.271 328.191 15.1815
177.128 133.631 328.253 14.9524
176.454 135.038 328.2 14.7095
175.849 136.489 328.036 20.834
175.328 137.941 327.744 14.2823
174.903 139.354 327.299 15.2809
174.568 140.731 326.65 17.9731
174.322 142.095 325.878 15.6276
174.171 143.463 325.096 14.8002
174.113 144.855 324.381 15.9374
174.133 146.273 323.672 14.1133
174.262 147.686 322.972 16.9071
174.54 149.062 322.293 14.4492
175.003 150.385 321.632 15.0959
175.631 151.672 320.981 15.8863
176.366 152.93 320.367 15.6689
177.154 154.168 319.816 16.8116
178.026 155.37 319.337 16.6243
178.978 156.545 318.913 16.4297
179.949 157.721 318.528 16.1052
180.882 158.927 318.172 18.7721
181.795 160.166 317.88 17.623
182.705 161.413 317.613 16.7143
183.622 162.644 317.313 17.5855
184.538 163.856 316.934 17.9888
185.428 165.085 316.498 18.0692
186.353 166.266 316.032 17.1865
187.377 167.322 315.56 17.1874
188.536 168.242 315.073 17.3391
189.793 169.063 314.561 17.2284
191.126 169.743 314.068 17.0399
192.513 170.24 313.637 16.9633
193.993 170.568 313.262 16.854
195.541 170.731 312.932 15.8665
197.087 170.705 312.652 15.9697
198.57 170.459 312.426 16.1417
200.03 169.966 312.251 15.8611
201.459 169.287 312.129 15.2526
202.827 168.499 312.065 15.3187
204.108 167.636 312.067 15.7251
205.305 166.638 312.134 14.1342
206.456 165.569 312.256 13.6919
207.601 164.506 312.421 16.6032
208.728 163.436 312.64 12.9685
209.82 162.326 312.916 12.0442
210.945 161.277 313.214 18.1946
212.171 160.388 313.498 14.6504
213.513 159.62 313.759 14.5781
214.931 158.968 314.02 14.1792
216.385 158.487 314.304 20.7985
217.85 158.225 314.635 15.2851
219.378 158.154 315.013 14.2687
220.916 158.275 315.418 14.7868
222.381 158.599 315.828 14.4279
223.733 159.148 316.238 14.1739
225.025 159.93 316.67 15.1648
226.22 160.891 317.087 14.3306
227.275 161.97 317.447 14.5406
228.179 163.179 317.732 14.0324
228.953 164.539 317.965 14.2883
229.59 165.982 318.154 14.096
230.083 167.447 318.304 14.0658
230.429 168.963 318.399 14.1981
230.634 170.528 318.452 15.2241
230.703 172.099 318.491 14.3307
230.647 173.645 318.546 14.0794
230.492 175.224 318.62 14.7294
230.189 176.777 318.682 16.0096
229.681 178.222 318.698 15.7124
228.886 179.482 318.641 15.9404
227.795 180.579 318.525 16.8954
226.577 181.609 318.371 17.4481
225.406 182.668 318.201 17.5116
224.299 183.761 318.009 17.6634
223.182 184.849 317.79 16.885
222.126 185.981 317.569 16.9689
221.198 187.202 317.373 14.8432
220.376 188.518 317.192 15.6594
219.651 189.902 317.023 13.1591
219.047 191.336 316.879 13.6148
218.609 192.813 316.777 14.7253
218.419 194.377 316.734 14.737
218.311 195.968 316.708 14.6236
218.079 197.504 316.653 16.9629
217.618 198.975 316.533 17.3562
217.051 200.449 316.369 17.2926
216.327 201.803 316.185 16.5876
215.383 202.9 316.003 16.0049
214.141 203.656 315.824 15.8949
212.657 204.156 315.638 16.3222
211.076 204.519 315.457 16.6181
209.536 204.853 315.291 16.6011
207.975 205.032 315.139 15.9129
206.392 205.132 314.996 15.0311
204.856 205.35 314.864 14.3945
203.419 205.847 314.741 14.4001
202.032 206.556 314.624 13.6719
200.72 207.421 314.519 13.2642
199.526 208.411 314.431 13.7434
198.488 209.526 314.363 13.047
197.588 210.796 314.313 12.665
196.786 212.156 314.28 14.0444
196.039 213.536 314.265 14.1527
195.362 214.938 314.275 14.5484
194.763 216.385 314.307 15.258
194.193 217.847 314.345 15.1741
193.602 219.297 314.378 14.8644
192.991 220.737 314.416 14.1893
192.385 222.178 314.455 16.5703
191.798 223.625 314.477 15.0351
191.223 225.082 314.465 14.4149
190.598 226.543 314.412 12.1979
190.031 228.014 314.349 12.3457
189.657 229.5 314.311 13.1657
189.543 231.03 314.311 13.5076
189.616 232.614 314.326 13.7718
189.884 234.168 314.378 13.1606
190.361 235.605 314.489 15.0103
191.097 236.963 314.628 12.3581
192.06 238.253 314.805 12.1454
193.149 239.367 315.091 29.445
194.272 240.206 315.558 28.7747
195.495 240.795 316.235 30.698
196.794 241.159 317.052 13.3623
198.088 241.296 317.921 13.5952
199.309 241.178 318.787 14.0512
200.477 240.732 319.714 13.6984
201.636 240.113 320.657 12.1974
202.824 239.5 321.555 11.4186
204.067 238.989 322.368 11.8564
205.344 238.481 323.128 10.6279
206.641 237.973 323.855 10.4759
207.945 237.466 324.568 11.8641
209.296 236.992 325.233 12.9844
210.674 236.532 325.865 13.7957
211.997 236.022 326.535 14.4251
213.181 235.399 327.316 14.5212
214.183 234.627 328.242 14.2815
215.101 233.785 329.231 12.3581
216.058 232.968 330.187 12.027
217.15 232.245 331.04 12.6381
218.311 231.553 331.855 13.3437
219.539 230.918 332.603 13.3969
220.843 230.386 333.24 12.527
222.243 229.988 333.744 12.4263
223.738 229.704 334.14 11.5423
225.281 229.499 334.424 12.1216
226.823 229.337 334.592 13.4472
228.368 229.239 334.607 11.8465
229.93 229.204 334.496 12.8115
231.496 229.186 334.327 15.6621
233.053 229.139 334.162 14.4003
234.604 229.055 333.961 13.7402
236.153 228.971 333.735 13.1925
237.702 228.932 333.526 13.3092
239.266 228.947 333.38 12.8377
240.873 228.947 333.304 12.2908
242.453 229.042 333.227 10.7914
243.925 229.362 333.073 10.2896
245.275 230 332.812 15.3081
246.548 230.89 332.485 11.4542
247.683 231.937 332.081 11.472
248.616 233.047 331.586 11.7198
249.393 234.265 330.98 13.1206
250.004 235.593 330.281 11.828
250.352 236.931 329.533 13.2747
250.332 238.187 328.774 13.8383
249.845 239.383 327.989 13.76
249.083 240.551 327.173 13.0832
248.292 241.704 326.329 11.7285
247.632 242.85 325.466 10.8009
246.944 243.977 324.585 13.3034
246.301 245.096 323.673 10.43
245.811 246.222 322.717 11.7446
245.605 247.389 321.706 12.6572
245.63 248.592 320.646 14.702
245.649 249.751 319.555 14.9354
245.426 250.789 318.447 15.1858
244.96 251.719 317.275 14.9966
244.339 252.559 316.07 14.9254
243.553 253.286 314.923 14.1027
242.59 253.878 313.917 12.9065
241.404 254.342 313.026 11.268
240.062 254.684 312.227 10.1064
238.658 254.905 311.515 14.7729
237.229 254.971 310.93 11.6173
235.686 254.832 310.538 9.59364
234.142 254.632 310.156 8.54645
232.726 254.532 309.583 9.76484
231.458 254.574 308.714 10.7803
230.273 254.676 307.655 11.158
229.251 254.89 306.478 10.7503
228.474 255.274 305.257 10.2387
227.907 255.869 303.918 9.79253
227.549 256.621 302.493 10.9698
227.457 257.444 301.114 12.0641
227.696 258.271 299.897 11.9581
228.312 259.167 298.781 27.3565
229.195 260.093 297.762 9.91108
230.217 260.976 296.868 11.4828
231.312 261.767 296.157 13.3373
232.582 262.509 295.666 14.7811
233.93 263.194 295.232 14.7766
235.244 263.802 294.676 14.2838
236.498 264.318 293.934 15.3113
237.748 264.752 293.098 15.7331
238.954 265.132 292.169 13.204
240.075 265.484 291.146 14.0616
241.036 265.823 289.929 14.5392
241.918 266.127 288.605 12.4898
242.865 266.368 287.36 12.2216
244.009 266.519 286.355 14.2049
245.323 266.567 285.497 13.3933
246.742 266.551 284.789 12.9443
248.21 266.52 284.277 12.9741
249.707 266.502 284.005 13.3882
251.275 266.473 283.963 12.8628
252.865 266.432 284.096 11.1792
254.418 266.385 284.346 13.2884
255.939 266.35 284.688 15.4015
257.451 266.322 285.152 14.1548
258.898 266.255 285.755 13.9844
260.222 266.102 286.518 13.6476
261.395 265.841 287.494 13.1901
262.466 265.511 288.627 13.1093
263.495 265.162 289.814 15.049
264.534 264.837 290.969 13.6378
265.557 264.512 292.135 13.4878
266.557 264.185 293.323 12.5682
267.54 263.868 294.527 11.7963
268.512 263.596 295.752 12.7484
269.474 263.392 297.013 12.9346
270.411 263.144 298.27 13.1169
271.305 262.735 299.48 13.0227
272.119 262.103 300.666 13.2231
272.871 261.313 301.837 12.7753
273.64 260.43 302.915 12.3326
274.506 259.514 303.823 12.1722
275.464 258.526 304.555 11.8674
276.485 257.477 305.151 11.7626
277.555 256.423 305.637 12.1002
278.682 255.423 306.026 14.6496
279.943 254.5 306.266 15.0848
281.217 253.567 306.422 14.7495
282.351 252.527 306.58 17.0255
283.239 251.3 306.826 16.714
283.957 249.921 307.143 15.7662
284.547 248.468 307.404 14.4303
285.05 247.016 307.477 12.6395
285.445 245.545 307.341 12.7814
285.725 244.035 307.054 12.4175
285.957 242.571 306.59 12.9735
286.206 241.234 305.919 14.1545
286.459 240.009 304.995 12.6492
286.698 238.875 303.877 11.8505
286.929 237.835 302.661 12.0023
287.146 236.894 301.421 13.1776
287.32 236.053 300.1 14.6652
287.5 235.306 298.714 14.0783
287.748 234.648 297.301 14.3244
288.126 234.122 295.863 13.6768
288.618 233.765 294.369 11.6932
289.134 233.41 292.88 10.893
289.579 232.884 291.464 13.4961
289.91 232.068 290.175 15.6143
290.181 231.078 288.964 15.1257
290.445 230.091 287.748 12.2169
290.754 229.281 286.443 15.1938
291.093 228.673 285.029 15.6222
291.452 228.155 283.568 12.9149
291.841 227.622 282.125 11.5592
292.28 226.984 280.756 13.2895
292.805 226.295 279.441 14.1306
293.339 225.561 278.154 13.6912
293.787 224.772 276.877 15.356
294.094 223.926 275.586 14.1887
294.306 223.029 274.282 13.3417
294.443 222.072 273.012 13.3127
294.524 221.044 271.825 15.8646
294.534 219.93 270.739 15.4834
294.476 218.742 269.729 16.4766
294.383 217.507 268.768 13.4444
294.288 216.249 267.841 12.635
294.175 214.9 267.018 13.3573
294.045 213.521 266.23 12.5837
293.913 212.229 265.356 12.8418
293.787 211.113 264.291 14.2101
293.648 210.11 263.079 15.0016
293.518 209.227 261.762 13.9387
293.425 208.488 260.373 13.2785
293.381 207.916 258.915 12.6244
293.371 207.504 257.363 13.4816
293.4 207.216 255.765 13.571
293.477 207.017 254.175 12.1485
293.604 206.876 252.575 12.3243
293.777 206.823 250.956 11.5715
293.993 206.912 249.368 11.941
294.249 207.195 247.853 12.9462
294.565 207.662 246.364 11.4243
294.92 208.296 244.931 12.5628
295.277 209.092 243.619 12.7059
295.607 210.064 242.486 13.856
295.919 211.252 241.523 14.1873
296.231 212.571 240.677 13.0926
296.556 213.923 239.899 12.3855
296.905 215.275 239.193 12.9114
297.272 216.686 238.598 13.8641
297.644 218.104 238.017 14.7584
298.01 219.473 237.35 13.9545
298.347 220.828 236.609 14.7222
298.673 222.166 235.82 12.8421
299.03 223.41 234.942 14.6875
299.461 224.484 233.932 14.3464
299.99 225.365 232.77 13.0886
300.563 226.124 231.504 14.0566
301.112 226.843 230.193 14.2433
301.584 227.572 228.875 15.3749
302.011 228.25 227.505 16.593
302.402 228.921 226.114 14.9831
302.762 229.644 224.747 13.9164
303.105 230.474 223.439 13.8857
303.429 231.387 222.171 13.1544
303.702 232.297 220.894 13.8869
303.89 233.122 219.56 15.2542
303.951 233.868 218.161 14.9668
303.925 234.56 216.719 14.9254
303.891 235.172 215.244 50.4983
303.916 235.68 213.742 51.3739
303.957 236.101 212.198 14.8567
304.025 236.43 210.626 49.7698
304.16 236.651 209.052 15.381
304.409 236.74 207.495 15.4104
304.785 236.68 205.945 15.3279
305.203 236.532 204.394 15.4497
305.573 236.366 202.839 16.078
305.845 236.2 201.276 14.4994
306.068 235.997 199.708 13.5612
306.266 235.786 198.136 14.7403
306.462 235.599 196.561 14.568
306.65 235.42 194.982 15.6359
306.827 235.249 193.399 14.721
307.005 235.116 191.814 14.3013
307.194 235.054 190.229 15.3886
307.395 235.1 188.64 15.5497
307.601 235.186 187.051 16.166
307.803 235.221 185.465 15.0216
307.99 235.141 183.883 16.0263
308.152 234.996 182.297 14.8957
308.324 234.785 180.72 14.6021
308.538 234.498 179.169 14.1502
308.84 234.103 177.657 14.4654
309.213 233.605 176.177 14.933
309.571 233.081 174.705 15.4922
309.829 232.604 173.217 17.0694
309.981 232.154 171.719 15.4403
310.063 231.719 170.214 15.954
310.086 231.34 168.694 16.131
310.048 231.059 167.147 15.4055
309.899 230.881 165.571 16.5529
309.707 230.769 163.976 16.1522
309.569 230.681 162.38 15.5379
309.553 230.6 160.789 15.4962
309.611 230.567 159.192 14.3917
309.733 230.529 157.6 16.9155
309.917 230.422 156.023 17.2613
310.196 230.205 154.476 16.5907
310.569 229.912 152.949 16.1287
310.945 229.59 151.425 15.8017
311.235 229.286 149.886 16.0621
311.456 228.966 148.332 17.1294
311.628 228.641 146.769 14.4827
311.725 228.365 145.199 17.2625
311.723 228.193 143.625 16.0278
311.606 228.126 142.041 17.676
311.413 228.121 140.452 16.4849
311.192 228.137 138.864 15.4917
310.958 228.145 137.283 17.5757
310.669 228.166 135.706 16.1002
310.383 228.204 134.128 15.4094
310.166 228.262 132.545 16.2866
310.057 228.323 130.95 16.1598
310.018 228.39 129.347 16.6235
310.012 228.505 127.747 17.6846
309.999 228.714 126.166 17.9395
310 229.047 124.605 17.6406
310.013 229.46 123.057 18.1752
310.003 229.888 121.514 17.1062
309.937 230.283 119.971 17.6904
309.808 230.693 118.437 17.8099
309.653 231.09 116.904 18.3461
309.513 231.42 115.358 16.955
309.418 231.671 113.783 17.9106
309.346 231.888 112.177 17.3456
309.29 232.002 110.573 17.1509
309.244 231.936 109.002 18.6942
309.203 231.665 107.449 18.997
309.172 231.227 105.905 19.0454
309.155 230.624 104.432 19.0755
309.16 229.854 103.091 18.9455
309.165 228.878 101.861 18.7359
309.186 227.732 100.736 17.8831
309.261 226.49 99.7435 18.2252
309.427 225.21 98.906 16.7292
309.697 223.849 98.2158 17.8951
310.018 222.419 97.6644 17.8979
310.334 220.954 97.2461 17.9506
310.595 219.463 96.9839 18.2434
310.82 217.918 96.9051 17.4742
311.059 216.358 96.911 16.2506
311.36 214.825 96.8964 15.3082
311.74 213.294 96.9242 17.3928
312.174 211.756 97.0146 17.2754
312.653 210.298 96.9538 17.4735
313.169 209.006 96.5304 18.9001
313.755 207.876 95.6955 18.9165
314.382 206.874 94.5904 18.6607
314.995 205.986 93.3574 19.159
315.55 205.197 92.1124 18.4994
316.089 204.505 90.782 17.8671
316.59 203.926 89.3705 16.2586
317.014 203.483 87.91 13.2434
317.345 203.177 86.4022 13.8893
317.608 202.99 84.8164 12.1877
317.781 202.956 83.2139 16.359
317.84 203.112 81.6604 13.5113
317.766 203.503 80.1604 15.9076
317.576 204.097 78.6875 14.6487
317.297 204.813 77.267 19.9576
316.956 205.578 75.9243 13.8822
316.56 206.457 74.6694 16.3727
316.089 207.418 73.4802 15.9059
315.526 208.36 72.3302 19.6897
314.85 209.186 71.1845 19.9852
314.05 209.893 70.0116 18.5162
313.164 210.581 68.8951 17.2874
312.24 211.357 67.9325 17.6305
311.292 212.305 67.2275 18.366
310.29 213.383 66.7569 18.2476
309.268 214.505 66.356 17.1852
308.263 215.582 65.8564 17.7552
307.266 216.595 65.2275 18.3424
306.27 217.584 64.5441 17.8577
305.304 218.557 63.8003 17.5093
304.401 219.519 62.9893 17.646
303.573 220.484 62.0942 18.3148
302.79 221.436 61.1363 19.258
302.02 222.347 60.1486 18.7402
301.233 223.196 59.1614 18.661
300.437 223.981 58.1703 18.4538
299.649 224.729 57.1507 19.1983
298.882 225.461 56.0781 19.5235
298.16 226.215 54.9298 19.4549
297.484 226.989 53.7146 19.3885
296.8 227.708 52.4633 19.414
296.055 228.297 51.2074 18.7432
295.232 228.722 49.9421 17.2979
294.359 229.028 48.6589 17.3735
293.449 229.262 47.3788 16.9883
292.517 229.473 46.1203 17.2901
291.566 229.648 44.8652 17.9859
290.584 229.776 43.6238 18.1499
289.56 229.858 42.4219 19.4286
288.487 229.884 41.2654 19.5404
287.382 229.823 40.105 19.4046
286.224 229.738 39.0164 19.0776
284.99 229.7 38.092 18.5524
283.634 229.708 37.4048 19.6448
282.161 229.709 36.9142 20.9994
280.664 229.822 36.5402 22.4871
279.243 230.172 36.2029 18.1332
277.931 230.859 35.8886 18.8973
276.674 231.781 35.6331 18.4565
275.427 232.761 35.4445 18.1157
274.146 233.633 35.335 17.8403
272.826 234.412 35.351 19.2917
271.498 235.174 35.4322 19.828
270.19 235.973 35.4881 18.2613
268.923 236.852 35.4476 18.8404
267.685 237.795 35.3517 17.5538
266.473 238.778 35.2149 17.84
265.282 239.78 35.0434 17.6062
264.123 240.811 34.8534 16.4151
262.998 241.888 34.6451 17.7363
261.88 242.949 34.3783 19.0411
260.738 243.93 34.0117 17.2358
259.57 244.827 33.5286 20.0045
258.387 245.664 32.9542 20.3708
257.193 246.438 32.3146 18.8163
255.989 247.137 31.6282 20.3112
254.764 247.711 30.8354 19.0795
253.529 248.227 29.9965 16.6014
252.304 248.782 29.2107 17.6277
251.096 249.443 28.5541 19.0496
249.884 250.148 27.9802 19.3748
248.695 250.923 27.4742 18.379
247.56 251.807 27.0304 17.5117
246.49 252.833 26.6365 16.6708
245.467 253.985 26.2942 17.0134
244.504 255.215 26.031 16.9551
243.614 256.479 25.8738 16.9938
242.793 257.813 25.7796 17.6295
242.039 259.207 25.7691 16.2532
241.362 260.587 25.9296 17.4113
240.779 261.888 26.3475 17.3312
240.346 263.156 27.0454 16.9191
239.982 264.375 27.9399 16.7009
239.572 265.496 28.938 17.0734
239.027 266.48 29.9831 18.8002
238.4 267.341 31.1426 19.605
237.715 268.108 32.3703 18.2781
236.989 268.809 33.605 19.4793
236.226 269.471 34.82 19.5998
235.416 270.08 36.0476 19.8817
234.572 270.594 37.2894 18.904
233.709 270.972 38.5461 19.4688
232.767 271.18 39.7993 20.5763
231.786 271.258 41.0626 13.9493
230.881 271.268 42.3713 14.9241
230.153 271.264 43.7597 15.2218
229.547 271.216 45.234 17.2355
229.064 271.124 46.7627 14.5375
228.74 271.01 48.3122 14.794
228.595 270.879 49.8719 15.3981
228.604 270.711 51.4803 15.5289
228.784 270.534 53.0801 14.6397
229.157 270.381 54.6047 14.2264
229.771 270.264 56.0221 13.9506
230.613 270.166 57.367 14.9427
231.579 270.091 58.6551 14.7912
232.57 270.042 59.9011 15.4642
233.611 270.023 61.0866 13.9391
234.72 270.03 62.2208 14.0466
235.849 270.056 63.3381 15.0668
236.96 270.099 64.4655 17.567
238.095 270.179 65.5702 16.7227
239.226 270.271 66.6764 17.8993
240.305 270.341 67.8264 21.2642
241.288 270.359 69.0577 21.1689
242.187 270.333 70.3603 20.1049
243.046 270.295 71.6952 18.1618
243.912 270.279 73.0235 17.0555
244.789 270.28 74.3452 19.2379
245.656 270.28 75.6787 17.4579
246.542 270.332 76.9868 16.7605
247.479 270.488 78.2321 16.3915
248.477 270.818 79.3922 17.8317
249.516 271.242 80.5007 18.4521
250.569 271.622 81.6031 19.7855
251.619 271.83 82.7363 21.0715
252.697 271.877 83.8693 20.4076
253.773 271.847 85.0164 21.2223
254.798 271.819 86.2074 20.5017
255.736 271.855 87.4672 19.2408
256.61 271.923 88.7861 18.6598
257.434 271.984 90.1422 18.7864
258.217 272.006 91.5139 19.2999
258.973 271.943 92.8909 21.0694
259.695 271.82 94.2847 20.8093
260.358 271.716 95.7032 21.6016
260.94 271.712 97.1549 21.011
261.415 271.816 98.6544 20.7113
261.815 271.989 100.185 20.1398
262.189 272.196 101.718 19.1118
262.575 272.419 103.229 19.104
262.94 272.715 104.729 19.7436
263.3 273.018 106.222 22.922
263.684 273.24 107.707 23.8979
264.14 273.315 109.176 23.4681
264.679 273.281 110.622 24.1148
265.193 273.176 112.074 21.7751
265.572 273.031 113.562 20.6947
265.725 272.845 115.11 20.7458
265.726 272.605 116.701 20.5668
265.703 272.338 118.293 19.7429
265.78 272.072 119.847 19.1139
265.973 271.791 121.35 23.1857
266.214 271.498 122.831 20.6407
266.451 271.212 124.321 22.7296
266.64 270.951 125.85 20.4619
266.801 270.704 127.413 23.8157
266.944 270.47 128.991 21.6696
267.072 270.253 130.568 23.7942
267.174 270.046 132.131 21.5136
267.237 269.843 133.689 22.0504
267.308 269.667 135.247 19.8359
267.436 269.542 136.81 18.76
267.65 269.471 138.385 20.5039
267.919 269.445 139.967 22.1853
268.211 269.469 141.545 21.4585
268.491 269.549 143.108 21.9123
268.786 269.727 144.65 18.7061
269.085 269.958 146.182 21.5183
269.352 270.168 147.721 23.5107
269.561 270.29 149.284 22.4231
269.743 270.342 150.867 20.9628
269.875 270.358 152.459 21.6957
269.917 270.369 154.047 19.9834
269.86 270.384 155.634 21.2557
269.734 270.382 157.235 21.3233
269.496 270.388 158.812 20.3553
269.098 270.434 160.321 21.068
268.474 270.55 161.73 21.3404
267.669 270.711 163.068 20.7143
266.811 270.863 164.39 22.0538
266.026 270.953 165.749 20.3626
265.326 270.984 167.159 21.0843
264.637 270.979 168.579 20.0006
263.898 270.944 169.968 18.7204
263.062 270.891 171.307 19.8801
262.175 270.821 172.662 29.4041
261.212 270.721 173.948 30.9275
260.131 270.576 175.054 30.0942
258.889 270.356 175.892 27.7704
257.497 270.06 176.507 32.4376
256.025 269.754 176.988 28.5863
254.542 269.506 177.426 18.9721
253.049 269.354 177.804 48.1349
251.521 269.254 178.099 48.8567
249.986 269.156 178.379 20.4189
248.47 269.012 178.716 23.4565
246.976 268.81 179.15 19.457
245.487 268.588 179.601 19.3936
243.988 268.382 179.97 19.3449
242.46 268.221 180.176 41.9171
240.898 268.086 180.265 30.0392
239.33 267.978 180.248 19.9349
237.789 267.907 180.124 21.1364
236.285 267.886 179.897 20.7537
234.801 267.915 179.572 20.6306
233.349 267.962 179.13 21.0763
231.945 267.997 178.553 20.9078
230.609 268.012 177.786 23.2496
229.324 268.023 176.866 20.0834
228.052 268.032 175.904 21.0179
226.757 268.042 175.006 22.9816
225.439 268.054 174.156 21.0749
224.118 268.066 173.314 20.9825
222.804 268.076 172.462 21.1111
221.496 268.086 171.596 20.3429
220.157 268.1 170.754 28.9982
218.852 268.109 169.876 21.3095
217.66 268.108 168.888 21.4233
216.63 268.077 167.737 22.4197
215.723 268.018 166.459 22.0545
214.909 267.971 165.101 22.8618
214.162 267.982 163.711 22.2351
213.518 268.016 162.249 29.7173
212.964 268.08 160.724 20.729
212.422 268.248 159.227 21.2474
211.822 268.602 157.849 20.5975
211.185 269.245 156.596 20.1092
210.528 270.009 155.41 20.6441
209.846 270.67 154.231 23.0571
209.156 271.04 153 24.3861
208.498 271.197 151.712 25.6558
207.781 271.236 150.451 25.7481
206.902 271.238 149.303 24.6808
205.771 271.225 148.337 24.6575
204.434 271.148 147.508 26.1779
203.011 271.062 146.747 24.3046
201.619 271.023 145.986 19.7175
200.249 271.053 145.249 23.3867
198.866 271.118 144.544 25.7466
197.503 271.182 143.811 25.7129
196.195 271.212 142.991 25.5067
194.948 271.21 142.08 25.2183
193.734 271.194 141.119 23.808
192.518 271.179 140.151 23.4107
191.278 271.166 139.202 24.1916
190.026 271.124 138.235 23.5879
188.77 271.107 137.282 25.4907
187.513 271.181 136.383 22.2481
186.257 271.397 135.562 22.9337
184.999 271.723 134.801 22.9662
183.742 272.093 134.076 23.7591
182.486 272.436 133.366 28.1538
181.255 272.74 132.601 25.3756
180.031 273.038 131.84 23.799
178.772 273.354 131.216 26.1999
177.431 273.714 130.876 26.7209
175.99 274.155 130.942 26.8247
174.502 274.614 131.163 26.9691
173.034 275.007 131.221 26.3477
171.627 275.264 130.866 23.6208
170.241 275.412 130.231 30.4775
168.893 275.501 129.42 23.8215
167.605 275.579 128.525 23.5998
166.387 275.671 127.572 22.4954
165.226 275.752 126.512 22.2099
164.127 275.81 125.376 22.9691
163.092 275.831 124.195 23.865
162.122 275.79 122.961 25.9441
161.215 275.711 121.668 23.1696
160.375 275.644 120.332 23.7318
159.607 275.639 118.962 22.8311
158.926 275.703 117.524 23.6129
158.308 275.792 116.057 24.307
157.725 275.857 114.614 23.2121
157.184 275.855 113.237 24.1684
156.741 275.802 111.893 23.1341
156.278 275.732 110.583 24.7857
155.659 275.682 109.31 24.6699
154.818 275.671 108.058 24.2189
153.824 275.678 106.825 22.9627
152.721 275.692 105.661 23.7107
151.548 275.7 104.618 24.6076
150.259 275.698 103.746 24.8817
148.878 275.694 102.984 25.0126
147.486 275.695 102.232 22.8567
146.152 275.708 101.408 26.0382
144.827 275.732 100.566 25.6701
143.526 275.764 99.6937 24.4958
142.289 275.8 98.7482 24.4654
141.143 275.865 97.6885 24.9128
140.063 275.997 96.5222 24.3418
139.055 276.084 95.2997 24.2003
138.124 276.005 94.0729 23.5517
137.281 275.7 92.8375 24.1002
136.523 275.234 91.5708 23.3521
135.825 274.651 90.3293 22.8001
135.166 273.996 89.1684 21.2003
134.619 273.216 88.064 21.5729
134.129 272.339 87.015 20.8356
133.559 271.457 86.0598 22.5899
132.776 270.66 85.2274 20.905
131.782 269.96 84.4824 19.9484
130.68 269.269 83.8514 22.5737
129.575 268.488 83.3778 23.4259
128.508 267.555 83.1206 23.374
127.39 266.522 83.0903 23.472
126.329 265.391 83.1654 23.2779
125.441 264.157 83.2183 23.1053
124.806 262.766 83.1479 25.7716
124.353 261.231 83.0325 23.6273
123.986 259.683 83.0201 22.0972
123.61 258.249 83.2599 21.2726
123.227 256.956 83.8592 21.8077
122.874 255.727 84.6571 23.869
122.569 254.484 85.4287 27.101
122.353 253.147 85.9757 31.3803
122.347 251.68 86.3677 21.1075
122.34 250.205 86.6725 22.0273
122.066 248.86 86.9306 23.936
121.27 247.773 87.1225 21.4342
120.011 246.909 87.1843 20.2631
118.629 246.108 87.283 18.1866
117.469 245.21 87.598 19.4201
116.693 244.125 88.2456 24.1772
116.112 242.948 89.1174 23.6213
115.577 241.775 90.0591 19.3699
114.939 240.706 90.9175 17.36
114.105 239.74 91.643 21.3244
113.231 238.834 92.3508 25.9149
112.524 237.963 93.1685 24.2714
112.188 237.103 94.2156 24.866
112.243 236.251 95.4822 23.1175
112.473 235.432 96.8744 19.5073
112.651 234.674 98.2986 21.1929
112.646 233.972 99.7023 22.5008
112.585 233.295 101.14 20.7736
112.453 232.717 102.598 20.4507
112.219 232.314 104.06 19.8087
111.815 232.18 105.514 20.8681
111.277 232.247 106.973 20.2455
110.751 232.351 108.449 24.2095
110.374 232.331 109.959 26.2956
110.13 232.208 111.515 25.0512
109.971 232.035 113.096 25.3587
109.888 231.82 114.677 24.1771
109.896 231.557 116.234 25.3152
110.072 231.198 117.773 27.6861
110.282 230.824 119.306 27.2348
110.36 230.532 120.842 24.0131
110.209 230.4 122.402 20.1966
109.922 230.384 123.993 22.9424
109.499 230.421 125.557 24.9645
108.932 230.445 127.036 27.7369
108.111 230.49 128.375 27.102
107.09 230.562 129.621 26.5167
106.106 230.566 130.867 23.5311
105.386 230.405 132.2 22.181
104.908 230.033 133.614 24.9397
104.584 229.546 135.072 24.5223
104.371 229.064 136.556 25.0398
104.25 228.684 138.052 24.4592
104.278 228.345 139.571 21.505
104.383 228.044 141.109 21.6002
104.476 227.798 142.659 18.688
104.469 227.617 144.228 17.0603
104.391 227.495 145.825 14.7242
104.368 227.423 147.415 20.8789
104.527 227.393 148.965 22.5593
104.896 227.42 150.484 22.175
105.415 227.498 151.98 21.1978
106.069 227.595 153.416 19.6594
106.849 227.677 154.755 21.2817
107.818 227.691 155.987 21.5875
108.912 227.713 157.143 20.61
110.02 227.85 158.26 20.6028
111.065 228.208 159.359 18.8084
112.134 228.78 160.403 16.5024
113.168 229.461 161.431 21.3506
114.086 230.136 162.491 25.1103
114.795 230.771 163.62 30.4197
115.322 231.435 164.798 32.2196
115.82 232.058 165.985 22.9838
116.449 232.561 167.146 23.0814
117.26 232.836 168.296 24.2304
118.169 232.973 169.439 22.7671
119.107 233.177 170.53 19.9127
120.011 233.645 171.533 21.4548
120.906 234.347 172.509 22.1961
121.798 235.208 173.409 23.2925
122.67 236.187 174.139 21.3991
123.494 237.284 174.584 22.5217
124.246 238.595 174.682 22.2203
125.001 239.957 174.676 23.4604
125.844 241.174 174.834 24.9393
126.863 242.098 175.342 28.3506
128.024 242.82 176.069 27.1546
129.191 243.5 176.855 27.443
130.232 244.301 177.542 25.0392
131.105 245.231 178.15 26.3726
131.883 246.227 178.721 26.9735
132.624 247.305 179.186 24.8251
133.378 248.484 179.468 24.4335
134.133 249.815 179.48 25.6452
134.873 251.225 179.371 25.6656
135.6 252.608 179.339 26.6099
136.306 253.916 179.513 30.7882
136.981 255.27 179.755 29.0099
137.652 256.518 180.146 28.8962
138.348 257.472 180.799 28.2788
139.112 257.948 181.868 29.8971
139.935 258.026 183.307 34.505
140.727 257.999 184.828 32.3504
141.4 258.16 186.141 29.0225
141.846 258.607 187.158 25.2708
142.171 259.168 188.042 23.8796
142.574 259.681 188.933 28.9411
143.241 259.993 189.964 28.6482
144.164 260.116 191.149 27.5351
145.235 260.132 192.387 28.834
146.362 260.108 193.577 30.9723
147.483 260.061 194.651 32.0904
148.653 259.901 195.671 33.0228
149.854 259.768 196.616 31.9738
151.057 259.828 197.452 31.1966
152.253 260.206 198.119 31.4325
153.458 260.819 198.631 29.7948
154.66 261.512 199.12 30.1697
155.842 262.133 199.719 34.3065
156.999 262.641 200.526 30.767
158.14 263.122 201.42 29.6762
159.279 263.643 202.22 29.8319
160.435 264.268 202.738 31.2516
161.641 264.998 202.874 30.4441
162.842 265.789 202.883 32.043
163.96 266.601 203.072 34.4358
164.905 267.422 203.737 37.8225
165.658 268.296 204.846 32.9485
166.386 269.157 206.031 29.2187
167.264 269.929 206.913 31.8577
168.391 270.597 207.229 36.7186
169.673 271.202 207.18 35.8367
171.039 271.697 207.061 31.4983
172.422 272.032 207.159 31.0807
173.887 272.064 207.511 30.3575
175.406 271.925 207.979 21.9483
176.855 271.89 208.494 18.8231
178.109 272.223 208.99 28.8206
179.138 272.951 209.497 26.7495
180.071 273.848 210.022 27.8364
181.048 274.674 210.556 30.3164
182.165 275.263 211.098 27.5353
183.351 275.738 211.659 33.6214
184.595 276.117 212.22 31.9206
185.9 276.396 212.76 28.3592
187.297 276.543 213.235 30.6349
188.783 276.561 213.661 30.824
190.274 276.538 214.13 32.8165
191.69 276.561 214.732 28.1488
193.084 276.658 215.444 28.6952
194.443 276.771 216.25 27.9605
195.672 276.843 217.187 31.864
196.68 276.813 218.296 27.2949
197.464 276.656 219.606 28.1871
198.099 276.454 221.046 29.0354
198.665 276.298 222.527 30.1207
199.218 276.263 223.995 30.5464
199.715 276.319 225.5 30.1359
200.15 276.404 227.033 26.9107
200.521 276.46 228.575 25.5166
200.795 276.502 230.14 26.4102
200.98 276.553 231.731 26.5364
201.154 276.525 233.305 26.6124
201.399 276.332 234.816 26.1481
201.774 275.915 236.248 27.9709
202.193 275.361 237.634 26.4226
202.533 274.79 239.011 26.9125
202.691 274.303 240.414 27.11
202.734 273.839 241.841 28.1338
202.651 273.401 243.266 28.8925
202.405 273.021 244.663 29.2753
201.937 272.754 246.037 29.0653
201.236 272.623 247.419 29.607
200.426 272.484 248.738 29.8818
199.635 272.182 249.913 29.1008
198.915 271.6 250.851 29.0247
198.2 270.832 251.61 29.5566
197.458 270.053 252.359 27.9955
196.663 269.429 253.267 28.3642
195.836 268.932 254.383 33.9198
194.969 268.517 255.59 32.2334
194.025 268.203 256.758 29.7725
192.968 268.021 257.782 28.8537
191.804 268.015 258.727 28.6806
190.556 268.093 259.59 31.5156
189.244 268.137 260.342 30.2673
187.865 268.092 260.959 30.6505
186.392 268.034 261.451 31.4837
184.888 267.909 261.843 30.1284
183.421 267.657 262.161 30.2586
182.023 267.203 262.397 31.0471
180.658 266.597 262.544 30.5281
179.29 265.972 262.635 30.8004
151.563 256.25 265.601 28.7489
